17216
41253
6196
18491
62
23231
35024
40936
28422
16918
25164
58683
43053
53478
824
54903
59455
26924
64191
6722
52860
12941
3358
10959
16193
5179
39665
25097
52408
25972
52111
26336
43655
48070
23728
33609
29986
34172
15878
6673
2260
34062
38166
27001
26739
28516
36889
34378
15759
53104
42275
26721
54442
21888
51273
34915
64843
5244
34737
56385
55415
6917
18978
34780
9645
52866
35697
52875
57384
29355
32004
21520
10559
7548
63251
34169
21028
50642
60499
46895
60627
11922
19666
43775
51802
47450
24808
29105
45442
65179
33274
1490
62779
48611
50939
17180
19310
60512
50730
38296
54284
31017
12000
40775
62173
45955
25952
16754
54729
65185
55890
45420
29255
54594
59158
11879
47307
48551
4906
22721
20839
10382
52221
16763
39659
50111
31663
56423
57989
18199
13088
18276
63218
29140
41963
11997
50281
53593
15991
47661
36704
2931
62128
47952
32960
4028
17970
9029
28681
38748
23599
57715
27612
19291
51534
42675
16627
24829
62297
30396
53281
21764
37173
23168
7801
2718
7777
56867
48249
5503
44407
43918
2997
34918
6690
35283
33445
44600
50153
14180
56720
35950
33590
1122
3930
42440
45228
12458
11796
58508
52994
61812
52065
55318
39151
39521
32989
2720
64013
53237
41527
26095
25201
25617
17081
45165
13409
43578
8171
44123
63752
46960
47072
24668
65474
19139
21805
24591
60107
38472
15687
25783
1803
65127
21965
17861
43654
15773
31498
1834
61686
26395
45856
42062
14254
41293
18146
58014
37905
25782
18702
31147
499
47545
65305
29130
15559
41803
4528
45198
40478
19252
6035
15605
10650
61705
30930
4099
18667
17711
27580
2515
64774
6062
54716
25376
17407
54646
43390
14470
42929
38919
18186
25345
53291
53751
53911
2316
14547
20495
10628
16762
59299
10706
25319
56506
5632
50833
51258
20267
57811
42168
9107
42897
22202
37240
45396
7158
55809
21984
5139
44408
25473
3618
20566
40185
2268
52742
7048
22458
33593
28004
3020
22415
16553
17989
26101
26447
46372
59158
10665
19703
25281
46021
27187
2245
4293
50004
10931
26278
62569
62082
38583
22242
59498
51661
8926
28519
61538
64432
35977
43332
5689
37318
53607
14791
37281
27253
41228
42140
12015
8118
57617
28784
6928
26634
6233
25169
53439
14228
50650
45432
36689
30324
11110
11679
59374
52547
8956
454
58072
30568
30272
17539
36395
1718
33064
23046
29149
47886
56304
49921
7349
21941
25139
2784
27388
55466
18167
24488
9420
18786
27837
64091
28285
37236
61029
59463
17678
55769
32630
18603
55713
1041
61683
32328
15788
6812
63762
48849
5223
1409
10424
27173
14494
29343
26389
34244
49071
35448
4945
64993
63048
45854
6908
2324
53417
43624
35730
26242
29235
43164
55920
37943
32238
60347
56100
31986
40641
2988
64657
11771
25023
14087
23459
40645
2576
2411
52093
29119
23624
1333
30735
22471
39281
62918
61086
43635
36817
6878
24772
11611
3100
7157
63342
16267
18509
26987
11567
11520
41224
3013
59316
39005
48814
31911
30709
63372
3866
13468
44393
63115
28644
12759
47969
58093
64014
6484
7625
27779
11898
21394
54565
29839
12740
59979
61003
312
11569
7128
8667
59039
21727
56661
34665
18050
12
35887
37332
41697
58080
11622
21133
9194
63661
456
61970
40387
25885
17953
20864
23487
20992
27116
25993
17634
6478
16804
25393
23727
22139
305
46076
17472
29582
35129
38580
18013
2952
38465
42266
48569
57600
7115
21194
41884
62432
57130
6051
44702
28538
46920
58712
16702
10716
36481
58825
10098
25071
58441
17302
46263
27141
31705
61706
43560
17520
44448
24810
39419
42359
24906
57654
31597
50687
40896
34729
19532
23256
26134
15209
62423
31115
34311
35892
57836
17392
60572
30496
58884
41688
15973
34868
32477
56621
57393
41146
65282
24352
58864
2285
42800
60314
3471
59907
40581
52403
37712
16597
5509
27925
59105
17056
1233
20457
52767
55809
48823
19919
29367
45952
56411
46879
62633
31749
6120
54622
2899
49562
5491
51872
52130
62817
26706
64748
548
36259
49809
51375
34235
15765
60579
51022
12638
49038
9238
26891
43835
12909
54724
17162
1029
36337
23175
18090
27630
2108
47429
5527
33497
23209
18089
63877
4135
57838
56800
20070
33526
28503
63223
48551
28572
60228
60101
51059
10524
23955
41566
16366
36686
40100
58527
34937
37614
26598
38968
3098
51671
34109
3970
30973
40348
8691
48623
8990
12237
5489
16703
11470
28620
10078
10951
29663
8199
26831
27585
48570
41647
25164
12971
19392
29173
64519
43885
29826
42132
56219
47377
22449
61042
37018
61880
31323
13686
30762
62784
31141
15772
15676
30820
60288
44100
22472
59785
35222
58027
53036
34322
27305
2537
50087
44883
5260
22749
11751
45344
50280
48469
47982
25080
20289
59099
26635
47617
18611
25094
14656
58068
48479
18490
27984
19081
16438
45274
13909
59670
33130
57081
16085
25550
18978
20773
21248
53273
58592
47392
35904
2216
32401
13899
50744
24425
27411
22750
18796
48875
59592
48240
57856
22458
44237
55247
50580
54751
19414
50410
2894
59491
19913
45121
12865
64660
11111
43394
32058
20792
39034
12713
21874
38691
49618
64466
37031
56521
45009
26519
22447
28134
58275
44066
35500
3938
53719
1250
15374
50751
53302
25005
9566
24408
55636
46805
38241
45188
38444
33835
8152
2940
2035
7830
30973
23315
440
46340
9114
44214
9586
37144
34014
34490
544
15506
13968
61491
11246
43073
3107
52447
4845
15936
49772
32671
3153
41517
8726
17449
31898
23699
62234
32077
37220
34204
18742
13453
12243
54338
53112
8795
2849
1286
273
63477
38266
64513
63652
64799
14144
9184
19148
55552
60694
33959
28024
1655
53006
46087
33196
48499
47710
52155
2323
17607
15893
56166
37384
44650
20991
4271
46221
64448
18475
62528
44649
56418
52434
25408
27936
30767
53467
17592
8145
37281
34848
44999
20847
24453
35150
15497
45911
41379
57520
25714
57799
2762
1318
8696
38055
18557
1455
51383
32866
56605
39396
22910
6666
6518
38841
18032
2071
46620
30680
48561
9218
36916
18325
37490
268
39083
40628
53093
14249
5183
53086
55451
37954
24328
43831
57361
26703
49858
28726
52624
57367
56622
65175
47858
31252
7878
38333
52929
47380
8922
27529
47995
25718
56397
24548
1891
13228
42705
26665
45560
33040
22278
39638
59240
36019
1310
48915
29069
